freq_band_1_30:
  max: 15.728332000743492
  mean: 3.1875691750484134
  min: 1.8541345871163165e-11
  std: 7.179765370849389
