freq_band_1_30:
  max: 6.831336083022586
  mean: 1.88940465519266
  min: 1.0654333312221736e-10
  std: 3.7438696022499447
